0 0.610007 255.100000
1 0.618666 265.500000
2 0.409107 317.700000
4 0.354822 341.866667
6 0.379972 389.766667
8 0.276770 346.866667
10 0.316256 366.300000
12 0.323292 356.900000
0 1.194239 254.366667
1 1.169727 254.566667
2 0.844084 314.733333
4 0.751357 335.166667
6 0.747202 344.933333
8 0.779012 332.533333
10 0.735638 358.733333
12 0.628989 359.833333
0 1.772893 260.833333
1 1.796056 257.433333
2 1.174467 306.100000
4 1.174317 324.900000
6 1.183685 342.866667
8 1.021493 358.866667
10 1.122860 355.066667
12 0.997112 358.066667
0 2.368342 243.300000
1 2.402278 245.133333
2 1.755228 291.733333
4 1.660593 331.233333
6 1.698224 322.766667
8 1.490738 350.066667
10 1.498294 350.966667
12 1.505788 359.033333
0 2.969804 248.133333
1 3.011923 258.033333
2 2.194791 294.700000
4 1.956580 317.600000
6 2.138460 352.466667
8 1.851360 351.233333
10 1.871913 341.966667
12 1.747310 350.000000
