0 0.603053 255.666667
1 0.605254 279.266667
2 0.387196 306.800000
4 0.365692 375.833333
6 0.368300 357.666667
8 0.311284 361.100000
10 0.298238 359.633333
12 0.302831 353.166667
0 1.198889 253.400000
1 1.209802 251.666667
2 0.760176 320.300000
4 0.687035 328.933333
6 0.759702 345.600000
8 0.777092 348.966667
10 0.732921 340.933333
12 0.653998 387.933333
0 1.787242 255.200000
1 1.783266 240.233333
2 1.207290 307.366667
4 1.201978 327.166667
6 1.244565 344.300000
8 1.116730 350.233333
10 1.131724 340.166667
12 1.070224 346.133333
0 2.378324 258.733333
1 2.387961 245.033333
2 1.646683 317.966667
4 1.516355 316.100000
6 1.689693 346.366667
8 1.464443 337.900000
10 1.488954 339.700000
12 1.529652 341.000000
0 2.966231 249.133333
1 2.995429 252.133333
2 2.182157 304.333333
4 1.956488 316.066667
6 2.035636 342.733333
8 1.934604 345.266667
10 1.872073 334.400000
12 1.791181 344.100000
