0 0.603446 266.733333
1 0.602598 253.666667
2 0.417133 334.800000
4 0.391779 346.400000
6 0.389682 349.633333
8 0.266948 364.966667
10 0.316297 359.633333
12 0.292236 381.033333
0 1.188466 253.433333
1 1.201354 262.600000
2 0.809469 315.200000
4 0.740952 326.066667
6 0.789516 343.800000
8 0.784928 351.966667
10 0.685559 350.233333
12 0.626737 323.900000
0 1.773546 255.700000
1 1.813147 239.966667
2 1.344730 327.933333
4 1.217748 316.033333
6 1.135322 336.300000
8 1.072009 340.166667
10 1.075038 352.766667
12 1.048107 351.733333
0 2.351567 267.366667
1 2.387998 260.566667
2 1.751755 296.000000
4 1.653785 316.500000
6 1.686984 340.000000
8 1.430350 345.500000
10 1.494454 330.400000
12 1.513991 346.600000
0 2.969828 268.500000
1 3.017403 247.266667
2 2.198169 310.666667
4 1.960219 326.500000
6 2.246389 341.933333
8 1.860022 345.766667
10 1.862423 341.733333
12 1.798265 372.766667
