0 0.577901 254.200000
1 0.621321 257.266667
2 0.393341 297.866667
4 0.354513 379.566667
6 0.347627 351.500000
8 0.315549 367.600000
10 0.288746 340.066667
12 0.325103 361.633333
0 1.209768 257.600000
1 1.182571 266.233333
2 0.790282 310.733333
4 0.779032 328.166667
6 0.742299 311.200000
8 0.705468 344.000000
10 0.768871 354.966667
12 0.634445 354.533333
0 1.828382 249.333333
1 1.803556 239.333333
2 1.177608 311.233333
4 1.203790 313.800000
6 1.194663 356.833333
8 1.068765 371.900000
10 1.130314 341.833333
12 1.137792 346.466667
0 2.403280 236.533333
1 2.414677 258.800000
2 1.572391 316.000000
4 1.570537 311.333333
6 1.555692 345.000000
8 1.489661 353.000000
10 1.496922 358.633333
12 1.505611 342.500000
0 3.045445 262.900000
1 2.992789 242.100000
2 1.970657 301.533333
4 1.952819 304.866667
6 2.107519 342.633333
8 1.884868 338.866667
10 1.863653 347.800000
12 1.758165 363.900000
