0 0.605026 262.000000
1 0.610336 253.033333
2 0.389134 323.100000
4 0.415186 354.566667
6 0.401253 335.233333
8 0.277077 340.666667
10 0.315082 349.733333
12 0.272620 375.866667
0 1.184464 263.733333
1 1.212640 247.666667
2 0.800460 310.966667
4 0.773128 340.800000
6 0.792186 360.433333
8 0.677796 356.133333
10 0.814944 349.100000
12 0.630237 355.000000
0 1.786808 271.133333
1 1.801798 243.333333
2 1.221280 311.500000
4 1.221235 323.500000
6 1.205143 336.100000
8 1.071040 368.166667
10 1.127967 354.500000
12 1.122741 358.066667
0 2.368336 260.433333
1 2.407221 262.033333
2 1.729395 311.733333
4 1.571942 336.100000
6 1.639248 343.033333
8 1.481945 360.633333
10 1.494132 345.233333
12 1.505664 353.800000
0 2.990661 248.400000
1 2.969305 238.533333
2 2.194438 304.833333
4 1.952884 321.066667
6 2.148890 327.333333
8 1.869054 344.100000
10 1.881513 338.366667
12 1.866558 345.066667
