0 0.615143 252.566667
1 0.589639 247.733333
2 0.386465 338.766667
4 0.390963 359.066667
6 0.372648 353.000000
8 0.278525 352.666667
10 0.315429 342.433333
12 0.283960 368.266667
0 1.197253 255.533333
1 1.181878 263.400000
2 0.767697 321.800000
4 0.682619 324.700000
6 0.775803 338.533333
8 0.789057 334.466667
10 0.782331 360.933333
12 0.642899 345.300000
0 1.784813 260.233333
1 1.804554 246.233333
2 1.176270 306.800000
4 1.191215 322.133333
6 1.279538 358.833333
8 1.141714 369.133333
10 1.111237 339.200000
12 0.989630 354.900000
0 2.381455 260.133333
1 2.405747 251.800000
2 1.649547 314.700000
4 1.566060 332.066667
6 1.688648 340.133333
8 1.478977 337.133333
10 1.492787 335.666667
12 1.506082 374.100000
0 2.963631 249.500000
1 3.004145 255.900000
2 2.201125 306.766667
4 1.958397 320.600000
6 2.113086 338.166667
8 1.839850 349.966667
10 1.879166 354.500000
12 1.951245 359.466667
