0 0.586679 265.033333
1 0.620514 262.033333
2 0.400626 334.466667
4 0.415602 353.700000
6 0.402887 360.266667
8 0.267589 343.766667
10 0.316386 362.566667
12 0.285261 368.733333
0 1.190212 253.966667
1 1.207770 257.233333
2 0.788153 319.500000
4 0.782788 323.166667
6 0.812372 340.633333
8 0.753994 363.633333
10 0.767474 365.633333
12 0.575694 334.066667
0 1.785351 253.933333
1 1.776371 262.100000
2 1.222470 310.366667
4 1.172630 321.600000
6 1.173928 343.566667
8 1.130033 360.433333
10 1.126045 340.833333
12 1.122311 353.633333
0 2.383520 257.766667
1 2.408992 256.900000
2 1.662584 313.400000
4 1.581754 318.866667
6 1.681578 325.833333
8 1.484018 339.533333
10 1.498256 340.300000
12 1.504220 354.766667
0 2.977242 260.066667
1 2.995853 262.833333
2 2.196470 308.666667
4 1.959040 310.433333
6 2.155439 346.300000
8 1.877496 347.366667
10 1.901972 356.266667
12 1.795617 353.200000
