0 0.613983 261.866667
1 0.613245 258.466667
2 0.385821 324.733333
4 0.401220 357.866667
6 0.397935 350.900000
8 0.296838 369.866667
10 0.316341 372.966667
12 0.260082 327.166667
0 1.183457 245.066667
1 1.176996 243.066667
2 0.771842 312.133333
4 0.713131 338.433333
6 0.786976 347.166667
8 0.757254 354.266667
10 0.812598 334.433333
12 0.599290 357.200000
0 1.786440 255.400000
1 1.795476 249.600000
2 1.212805 308.666667
4 1.197180 325.366667
6 1.187040 351.033333
8 1.130251 363.633333
10 1.073132 333.600000
12 1.111354 360.800000
0 2.379558 255.700000
1 2.396673 248.933333
2 1.713552 313.766667
4 1.568816 316.400000
6 1.629797 335.100000
8 1.428304 344.366667
10 1.541897 332.800000
12 1.505687 340.766667
0 2.963551 252.566667
1 2.998883 242.933333
2 2.193103 316.533333
4 1.965251 317.800000
6 1.990731 338.900000
8 1.856759 347.333333
10 1.876413 336.866667
12 1.880653 345.200000
