0 0.572331 91.733333
1 0.560429 83.366667
2 0.358578 82.566667
4 0.291442 91.866667
6 0.487532 80.233333
8 0.319133 84.500000
10 0.299767 69.466667
12 0.348043 65.033333
0 1.356725 82.133333
1 1.301874 62.300000
2 0.876583 76.133333
4 0.762030 74.633333
6 0.979303 72.266667
8 0.675025 61.800000
10 0.683149 61.933333
12 0.729905 56.800000
0 1.995550 79.333333
1 1.941889 75.900000
2 1.307702 71.233333
4 1.170899 71.300000
6 1.344292 63.900000
8 1.329331 60.300000
10 1.225390 50.100000
12 1.018348 49.666667
0 2.621565 74.466667
1 2.582332 70.366667
2 1.669261 65.733333
4 1.690270 71.033333
6 1.802720 62.566667
8 1.432904 55.333333
10 1.604352 50.000000
12 1.665959 53.766667
0 3.254376 76.333333
1 3.216620 69.033333
2 2.216123 69.100000
4 2.110976 65.400000
6 2.330206 62.100000
8 2.168281 57.233333
10 2.218454 50.366667
12 1.926131 49.200000
