0 0.720255 255.400000
1 0.705780 252.100000
2 0.420313 329.566667
4 0.415319 353.466667
6 0.407375 344.700000
8 0.280761 353.200000
10 0.299134 345.966667
12 0.364174 376.000000
0 2.513262 173.166667
1 2.471936 186.066667
2 1.638433 214.066667
4 1.382648 258.833333
6 1.459510 267.266667
8 1.301383 248.933333
10 1.292251 253.466667
12 1.296827 250.066667
0 5.609614 139.366667
1 5.584591 135.900000
2 3.575275 187.133333
4 3.171168 226.133333
6 3.079087 216.933333
8 2.888130 211.100000
10 2.990566 211.033333
12 2.738150 207.466667
0 9.998580 126.366667
1 9.856988 134.066667
2 6.596805 156.966667
4 5.969845 181.433333
6 5.706424 193.066667
8 5.607770 173.333333
10 5.464030 187.233333
12 4.913406 174.766667
0 15.595996 111.833333
1 14.642939 114.066667
2 9.615780 140.366667
4 8.817233 154.166667
6 8.549497 176.133333
8 8.610671 167.700000
10 8.182341 167.766667
12 7.905457 166.333333