0 0.629763 260.000000
1 0.785422 245.333333
2 0.443744 342.400000
4 0.439129 357.433333
6 0.419897 366.700000
8 0.343277 326.733333
10 0.309004 373.766667
12 0.333792 368.133333
0 2.498755 169.100000
1 2.461794 179.066667
2 1.631039 230.400000
4 1.368106 269.766667
6 1.398275 254.033333
8 1.296150 269.466667
10 1.272320 242.366667
12 1.145882 261.466667
0 5.630307 152.033333
1 5.589225 143.633333
2 3.545010 182.866667
4 3.157334 207.766667
6 3.066872 220.633333
8 2.874945 218.700000
10 2.994330 211.200000
12 2.781337 207.133333
0 9.962579 120.466667
1 9.941379 121.700000
2 6.485213 159.366667
4 6.016743 186.100000
6 5.666103 189.333333
8 5.408761 191.000000
10 5.406834 171.400000
12 5.493673 181.866667
0 15.495649 108.233333
1 15.454671 104.966667
2 9.660888 126.266667
4 8.778883 160.200000
6 8.576340 163.700000
8 8.625516 168.000000
10 8.141071 165.166667
12 7.365052 167.866667