0 0.559574 91.733333
1 0.557816 80.333333
2 0.356539 90.100000
4 0.294434 92.466667
6 0.485244 88.300000
8 0.316439 75.333333
10 0.294704 72.066667
12 0.380292 69.200000
0 2.810853 64.433333
1 2.708807 61.433333
2 1.790643 60.500000
4 1.528852 59.266667
6 1.526459 70.933333
8 1.460411 69.700000
10 1.438346 60.300000
12 1.204394 61.733333
0 5.950724 55.200000
1 6.007403 51.733333
2 3.956693 48.733333
4 3.410388 52.133333
6 3.288000 52.533333
8 3.086630 57.900000
10 3.131109 58.266667
12 2.785167 55.933333
0 10.605101 56.900000
1 10.774496 48.433333
2 7.048618 47.366667
4 6.073422 46.533333
6 6.084524 45.466667
8 5.992885 43.600000
10 5.926831 48.800000
12 5.054749 51.000000
0 16.547607 53.233333
1 16.672642 48.333333
2 11.134711 43.166667
4 9.663114 42.933333
6 9.672869 41.200000
8 9.213769 45.700000
10 9.125479 47.800000
12 8.310879 44.600000