0 0.577670 262.066667
1 0.844140 264.400000
2 0.443181 316.733333
4 0.389104 355.000000
6 0.420489 353.266667
8 0.335258 351.100000
10 0.282291 348.166667
12 0.306285 374.433333
0 2.487092 174.166667
1 2.496987 178.333333
2 1.649302 216.166667
4 1.370300 271.066667
6 1.403233 255.966667
8 1.309428 248.033333
10 1.280351 268.033333
12 1.134010 261.000000
0 5.514683 140.200000
1 5.577214 138.733333
2 3.602390 170.000000
4 3.194775 215.033333
6 3.090837 210.900000
8 2.909290 215.800000
10 2.854739 204.233333
12 2.735843 200.633333
0 9.938547 125.400000
1 9.830628 130.800000
2 6.436004 141.666667
4 5.894158 182.866667
6 5.807167 199.166667
8 5.390395 179.633333
10 5.325892 173.800000
12 5.191106 179.466667
0 15.545064 119.066667
1 15.474762 104.800000
2 9.672779 143.433333
4 8.680391 164.533333
6 8.550915 165.000000
8 8.535465 155.566667
10 8.292247 185.200000
12 7.205617 156.600000