0 0.634755 246.366667
1 0.657020 264.100000
2 0.461200 299.666667
4 0.386685 352.300000
6 0.389667 345.900000
8 0.303721 353.300000
10 0.328768 333.133333
12 0.361659 383.633333
0 2.452178 174.800000
1 2.502528 172.366667
2 1.588439 229.066667
4 1.361974 258.500000
6 1.447629 252.700000
8 1.325065 248.833333
10 1.305825 241.766667
12 1.088531 249.766667
0 5.595215 138.600000
1 5.607145 136.100000
2 3.549478 187.900000
4 3.159478 213.233333
6 3.055990 225.333333
8 2.879610 218.566667
10 3.019772 197.733333
12 2.950301 198.366667
0 9.932056 130.166667
1 9.852866 122.933333
2 6.608062 148.866667
4 6.070159 175.966667
6 5.832991 192.600000
8 5.358703 187.566667
10 5.453737 173.066667
12 5.182088 172.166667
0 15.591855 106.500000
1 14.631590 110.933333
2 9.624741 130.033333
4 8.838622 161.700000
6 8.706509 170.833333
8 8.440678 175.533333
10 8.208166 172.333333
12 7.541008 150.533333