0 0.603078 258.433333
1 0.838488 257.100000
2 0.464607 316.433333
4 0.417115 369.233333
6 0.418711 350.566667
8 0.335076 337.000000
10 0.298979 349.933333
12 0.343249 340.700000
0 2.496678 177.800000
1 2.491714 186.133333
2 1.586462 213.833333
4 1.366509 257.466667
6 1.471679 266.200000
8 1.295286 249.966667
10 1.287719 248.733333
12 1.170483 258.433333
0 5.541806 139.000000
1 5.585809 145.400000
2 3.545993 173.866667
4 3.156344 211.900000
6 3.120415 220.566667
8 2.870319 229.933333
10 2.990638 206.500000
12 2.848924 221.166667
0 9.837620 124.266667
1 9.867013 116.233333
2 6.450425 140.433333
4 6.068827 184.666667
6 5.741441 194.666667
8 5.450942 184.100000
10 5.491835 182.900000
12 4.663685 168.833333
0 15.599730 127.266667
1 15.438138 109.866667
2 9.695032 131.233333
4 8.824990 163.166667
6 8.521496 167.400000
8 8.482466 177.100000
10 8.143555 165.100000
12 7.429458 147.433333