0 0.614708 266.966667
1 0.772596 236.933333
2 0.418458 307.633333
4 0.415510 375.600000
6 0.376627 312.533333
8 0.337923 339.266667
10 0.328441 365.966667
12 0.381724 327.000000
0 2.477474 179.566667
1 2.434291 185.666667
2 1.575081 212.700000
4 1.373918 270.366667
6 1.416972 264.400000
8 1.291720 254.066667
10 1.269897 256.466667
12 1.219454 267.666667
0 5.606700 147.433333
1 5.566336 145.133333
2 3.568516 166.633333
4 3.167384 215.400000
6 3.079727 205.000000
8 2.914024 219.166667
10 3.055222 197.633333
12 2.748266 214.800000
0 9.998800 126.066667
1 9.937581 138.333333
2 6.512318 148.666667
4 5.946424 176.100000
6 5.709271 179.633333
8 5.392527 196.933333
10 5.571300 180.433333
12 5.609390 167.400000
0 15.640277 102.033333
1 14.993643 106.700000
2 9.627491 132.666667
4 8.836677 157.200000
6 8.578386 166.133333
8 8.499425 168.233333
10 8.230091 157.366667
12 7.906479 158.733333