0 0.628056 267.866667
1 0.827579 243.633333
2 0.452046 316.300000
4 0.378254 360.700000
6 0.362749 361.166667
8 0.336281 330.033333
10 0.341951 351.000000
12 0.363501 368.233333
0 2.488299 185.766667
1 2.446634 178.833333
2 1.643802 212.433333
4 1.359511 271.633333
6 1.404709 267.166667
8 1.305039 257.633333
10 1.288071 256.966667
12 1.179203 265.033333
0 5.622326 146.300000
1 5.591745 149.266667
2 3.540390 183.600000
4 3.149620 215.500000
6 3.084579 221.633333
8 2.915713 221.233333
10 2.884034 219.100000
12 2.761117 211.666667
0 9.917162 117.866667
1 9.901806 126.900000
2 6.539211 144.533333
4 6.059323 187.400000
6 5.714524 201.500000
8 5.430839 175.600000
10 5.449866 188.366667
12 5.429053 179.533333
0 15.656271 111.066667
1 14.763272 113.333333
2 9.635587 131.833333
4 8.751751 162.100000
6 8.602241 178.400000
8 8.453818 163.266667
10 8.206675 163.800000
12 7.390861 151.800000