0 0.635546 257.433333
1 0.746195 256.633333
2 0.465963 321.500000
4 0.371878 358.233333
6 0.375064 337.300000
8 0.340628 351.966667
10 0.341757 351.633333
12 0.396129 356.600000
0 2.458311 190.033333
1 2.505630 178.633333
2 1.626440 207.033333
4 1.358955 259.700000
6 1.399186 259.666667
8 1.275413 255.966667
10 1.282659 246.900000
12 1.231585 263.133333
0 5.618819 135.233333
1 5.595299 140.100000
2 3.549759 166.833333
4 3.178758 205.200000
6 3.087238 221.266667
8 2.880367 210.700000
10 2.929064 206.166667
12 2.720284 203.333333
0 9.974811 122.266667
1 9.952021 124.766667
2 6.559814 147.633333
4 6.096703 182.066667
6 5.777529 195.900000
8 5.525865 188.733333
10 5.434566 185.966667
12 5.310136 182.233333
0 15.602627 123.400000
1 14.686077 113.766667
2 9.625960 136.600000
4 8.766453 163.133333
6 8.497400 168.500000
8 8.550916 185.566667
10 8.218828 162.133333
12 7.585654 157.500000