0 0.601084 266.666667
1 0.626288 247.966667
2 0.436086 309.833333
4 0.388095 394.066667
6 0.405480 377.366667
8 0.316272 327.500000
10 0.310479 358.266667
12 0.318899 363.833333
0 1.226513 182.366667
1 1.232962 172.000000
2 0.887309 228.333333
4 0.794712 279.800000
6 0.809205 287.933333
8 0.747395 296.533333
10 0.756143 274.800000
12 0.737340 297.100000
0 1.853120 139.866667
1 1.829051 156.700000
2 1.340111 174.466667
4 1.246006 228.233333
6 1.219415 262.666667
8 1.128956 278.266667
10 1.149643 276.166667
12 1.114412 280.833333
0 2.448243 129.200000
1 2.451853 131.133333
2 1.782263 144.166667
4 1.657808 195.700000
6 1.587195 225.200000
8 1.477815 236.300000
10 1.516873 272.233333
12 1.530283 264.566667
0 3.054700 103.133333
1 3.059101 111.300000
2 2.176925 135.966667
4 2.099931 175.700000
6 1.972310 200.300000
8 1.914993 225.166667
10 1.868833 229.300000
12 1.583032 253.433333
