0 0.627791 254.333333
1 0.608972 226.966667
2 0.391904 326.066667
4 0.390563 324.666667
6 0.407765 376.400000
8 0.313040 331.433333
10 0.308932 373.166667
12 0.316574 336.766667
0 1.193466 169.866667
1 1.231405 179.000000
2 0.886037 224.300000
4 0.798317 279.233333
6 0.823767 303.200000
8 0.760241 268.133333
10 0.762053 289.500000
12 0.764721 305.700000
0 1.896944 152.066667
1 1.850738 154.366667
2 1.337345 176.900000
4 1.241737 223.233333
6 1.219782 255.700000
8 1.122289 274.533333
10 1.146578 275.233333
12 1.169927 268.733333
0 2.421091 132.833333
1 2.433798 118.433333
2 1.724288 156.800000
4 1.631369 197.633333
6 1.596220 217.400000
8 1.501304 245.566667
10 1.520642 253.233333
12 1.559490 269.466667
0 3.066179 116.266667
1 3.059687 113.200000
2 2.092748 136.066667
4 2.070097 159.833333
6 2.023985 194.200000
8 1.955505 220.566667
10 1.903178 230.333333
12 1.724500 257.300000
