0 0.610817 251.500000
1 0.618803 227.933333
2 0.414191 316.900000
4 0.389290 346.466667
6 0.407899 327.700000
8 0.315973 357.366667
10 0.312532 362.566667
12 0.331005 354.500000
0 1.241960 189.900000
1 1.230433 173.300000
2 0.881933 241.066667
4 0.796708 278.266667
6 0.798982 285.033333
8 0.762182 296.500000
10 0.756557 279.900000
12 0.753034 275.733333
0 1.843544 149.333333
1 1.834686 147.366667
2 1.293459 171.533333
4 1.242637 217.166667
6 1.218141 254.466667
8 1.084106 288.600000
10 1.146454 286.266667
12 1.166122 270.666667
0 2.416438 122.066667
1 2.447691 117.100000
2 1.726268 152.166667
4 1.642464 191.366667
6 1.524569 219.300000
8 1.490593 248.200000
10 1.527460 260.733333
12 1.429080 263.766667
0 3.049629 112.200000
1 3.063589 115.866667
2 2.233154 138.266667
4 2.065770 163.333333
6 1.972226 187.266667
8 1.965572 210.000000
10 1.847276 243.133333
12 1.875065 256.966667
