0 0.629147 268.166667
1 0.620884 261.433333
2 0.438378 334.133333
4 0.387927 326.466667
6 0.403447 381.766667
8 0.314548 331.533333
10 0.310448 363.000000
12 0.322892 370.133333
0 1.220678 172.366667
1 1.222985 181.533333
2 0.886458 218.766667
4 0.796031 268.400000
6 0.829659 286.166667
8 0.760545 287.800000
10 0.749383 299.566667
12 0.754757 299.800000
0 1.871458 152.733333
1 1.836637 154.033333
2 1.339228 171.333333
4 1.203995 218.300000
6 1.195241 246.400000
8 1.123019 274.033333
10 1.142679 271.633333
12 1.022851 281.166667
0 2.445312 129.433333
1 2.429819 126.733333
2 1.738552 157.600000
4 1.665051 182.800000
6 1.545790 212.000000
8 1.490355 230.233333
10 1.523701 259.066667
12 1.447207 271.533333
0 3.045573 113.866667
1 3.073112 106.266667
2 2.265376 141.300000
4 2.069371 169.933333
6 1.960731 195.933333
8 1.873740 217.766667
10 1.847847 241.300000
12 1.775014 246.433333
