0 0.569052 91.733333
1 0.556681 75.600000
2 0.358343 94.100000
4 0.293224 81.233333
6 0.468148 80.733333
8 0.325949 63.366667
10 0.295450 70.033333
12 0.363555 66.200000
0 1.378835 62.100000
1 1.356506 63.133333
2 0.935068 57.900000
4 0.863013 75.000000
6 0.846323 75.433333
8 0.816177 81.500000
10 0.812804 79.333333
12 0.753442 71.600000
0 2.053984 62.366667
1 2.038715 61.433333
2 1.322672 60.333333
4 1.303834 57.400000
6 1.299312 65.433333
8 1.320369 66.633333
10 1.347340 71.466667
12 1.152248 63.700000
0 2.684506 55.700000
1 2.673411 48.100000
2 1.792711 52.033333
4 1.740393 60.100000
6 1.611730 59.866667
8 1.571199 64.966667
10 1.871565 58.466667
12 2.042703 62.466667
0 3.389697 56.133333
1 3.372013 51.633333
2 2.228265 58.533333
4 2.068583 50.166667
6 2.166694 51.300000
8 1.988376 56.366667
10 2.050449 54.033333
12 1.983185 59.033333
