0 0.611743 237.800000
1 0.603176 218.000000
2 0.433528 325.133333
4 0.390068 337.266667
6 0.422352 349.633333
8 0.316902 341.433333
10 0.306220 372.066667
12 0.317208 361.700000
0 1.218460 171.466667
1 1.223241 173.666667
2 0.896345 231.933333
4 0.800734 295.600000
6 0.794276 304.933333
8 0.750339 279.566667
10 0.758260 290.500000
12 0.705926 290.733333
0 1.837821 135.833333
1 1.824477 141.266667
2 1.342081 173.666667
4 1.243919 220.933333
6 1.191530 253.800000
8 1.133523 263.766667
10 1.094243 276.433333
12 1.151009 285.933333
0 2.429702 121.266667
1 2.433525 131.000000
2 1.742467 152.333333
4 1.617510 177.833333
6 1.563108 225.300000
8 1.496934 235.233333
10 1.527903 255.266667
12 1.411400 255.200000
0 3.050904 106.633333
1 3.052776 107.500000
2 2.105176 135.600000
4 2.078005 161.933333
6 2.028199 187.733333
8 1.923705 205.700000
10 1.881460 237.566667
12 1.719316 254.300000
