0 0.606098 275.266667
1 0.614213 240.933333
2 0.438284 310.366667
4 0.388239 385.766667
6 0.393763 353.233333
8 0.311716 338.733333
10 0.311635 352.866667
12 0.320743 346.533333
0 1.220263 172.500000
1 1.229761 172.033333
2 0.887237 216.133333
4 0.798602 270.000000
6 0.831942 291.800000
8 0.767599 291.566667
10 0.751627 293.666667
12 0.751731 291.600000
0 1.842910 134.500000
1 1.847165 142.800000
2 1.340302 176.000000
4 1.246416 219.133333
6 1.152384 249.133333
8 1.124940 262.666667
10 1.139418 272.800000
12 1.146616 275.033333
0 2.426829 130.766667
1 2.447511 122.833333
2 1.790196 152.766667
4 1.663481 186.033333
6 1.502091 219.166667
8 1.496155 247.500000
10 1.482441 251.066667
12 1.422944 267.166667
0 3.044955 112.633333
1 3.056203 116.933333
2 2.184564 138.266667
4 2.069646 167.066667
6 1.973913 204.400000
8 1.953419 230.266667
10 1.843011 238.266667
12 1.737658 252.266667
