0 0.623535 264.966667
1 0.609949 254.966667
2 0.381708 313.666667
4 0.390990 344.566667
6 0.418020 355.433333
8 0.318892 379.066667
10 0.307847 370.300000
12 0.320333 383.166667
0 1.253083 181.066667
1 1.219636 172.666667
2 0.814593 223.666667
4 0.804882 275.600000
6 0.823376 312.033333
8 0.746927 306.833333
10 0.757553 282.533333
12 0.756997 280.200000
0 1.891701 138.800000
1 1.826441 147.733333
2 1.220228 174.866667
4 1.243367 229.133333
6 1.214766 253.866667
8 1.121646 262.833333
10 1.156493 286.000000
12 1.018591 276.600000
0 2.434758 125.566667
1 2.440801 118.266667
2 1.691400 151.700000
4 1.669334 188.533333
6 1.555267 220.766667
8 1.500212 233.066667
10 1.468704 249.566667
12 1.550773 267.866667
0 3.059848 115.600000
1 3.052594 113.766667
2 2.102206 122.733333
4 2.103389 173.100000
6 1.894501 207.566667
8 1.824217 222.500000
10 1.852036 227.600000
12 1.768140 242.266667
