0 0.583194 248.133333
1 0.619342 250.200000
2 0.406802 310.166667
4 0.388864 367.066667
6 0.423436 367.400000
8 0.314818 344.633333
10 0.311317 325.900000
12 0.325731 368.133333
0 1.259452 169.333333
1 1.225478 171.400000
2 0.791301 217.333333
4 0.795420 261.366667
6 0.818834 273.733333
8 0.760944 290.666667
10 0.763918 283.966667
12 0.753056 305.066667
0 1.856010 143.133333
1 1.830198 155.600000
2 1.196256 185.533333
4 1.247071 227.600000
6 1.188091 248.866667
8 1.132809 285.533333
10 1.099209 279.033333
12 1.093564 277.766667
0 2.658594 122.533333
1 2.457774 123.233333
2 1.631789 159.533333
4 1.660796 191.900000
6 1.600090 215.833333
8 1.480570 235.200000
10 1.527672 245.933333
12 1.415908 247.366667
0 3.088428 115.433333
1 3.058552 108.133333
2 1.998001 130.400000
4 2.080972 160.900000
6 2.036497 196.633333
8 1.958323 210.566667
10 1.914085 242.000000
12 1.833951 243.866667
